base xpos 0.000000000000 0.000000000000 0.000000000000 
base xquat 1.000000000000 0.000000000000 0.000000000000 0.000000000000 
base xmat 1.000000000000 0.000000000000 0.000000000000 0.000000000000 1.000000000000 0.000000000000 0.000000000000 0.000000000000 1.000000000000 
base xipos 0.001637000000 0.000200000000 0.259307000000 
base ximat 0.999527376675 0.002678018140 -0.030624361153 -0.002687836254 0.999996348719 -0.000279436292 0.030623501000 0.000361617492 0.999530925194 
base body_inertia 0.376165653827 0.344192788200 0.098471557972 
base body_mass 15.028392000000 
base body_quat 1.000000000000 0.000000000000 0.000000000000 0.000000000000 
base body_pos 0.000000000000 0.000000000000 0.000000000000 
base cinert 1.545672600366 1.533112141279 0.117884106994 -0.000161625628 -0.141176683503 -0.000509405857 0.536489466904 0.002062435702 4.192817902479 15.028392000000 
base body_iquat 0.999881824341 0.000160282388 -0.015313775254 -0.001341622145 
base body_ipos 0.001637000000 0.000200000000 0.259307000000 
base body_parentid 0 
base body_jntnum 1 
base body_jntadr 0 
base jnt_pos 0.000000000000 0.000000000000 0.000000000000 
base jnt_axis 0.000000000000 0.000000000000 1.000000000000 
base jnt_stiffness 0.000000000000 
base jnt_solref 0.001000000000 1.000000000000 
base jnt_solimp 0.900000000000 0.950000000000 0.001000000000 0.500000000000 2.000000000000 
base jnt_limited 0 
base jnt_range 0.000000000000 0.000000000000 
base body_dofadr 0 
base dof_frictionloss 0.000000000000 
base dof_armature 0.000000000000 
base dof_damping 0.000000000000 
base dof_M0 47.925414000000 
base dof_M0 47.925414000000 
left-hip-roll xpos -0.001000000000 0.091000000000 0.000000000000 
left-hip-roll xquat 0.694697338411 0.131892410716 -0.694697338411 -0.131892410716 
left-hip-roll xmat 0.000000000000 -0.000000000000 -1.000000000000 -0.366501226724 0.930417567982 -0.000000000000 0.930417567982 0.366501226724 0.000000000000 
left-hip-roll xipos -0.032435000000 0.091947929800 -0.001740705057 
left-hip-roll ximat 0.011280502394 0.051197306197 -0.998624847530 0.938883181652 0.343079344526 0.028194584082 0.344051044872 -0.937910123198 -0.044198182367 
left-hip-roll body_inertia 0.001148117135 0.001017592907 0.000765289958 
left-hip-roll body_mass 0.915088000000 
left-hip-roll body_quat 0.694697338411 0.131892410716 -0.694697338411 -0.131892410716 
left-hip-roll body_pos -0.001000000000 0.091000000000 0.000000000000 
left-hip-roll cinert 0.008786674426 0.001429563096 0.008760952437 -0.000128265966 -0.000037337472 -0.001466427326 0.001488294126 0.084083012558 0.016421629596 0.915088000000 
left-hip-roll body_iquat 0.698229186010 -0.021923802284 -0.014384822853 0.715393896793 
left-hip-roll body_ipos -0.001967000000 0.000244000000 0.031435000000 
left-hip-roll body_parentid 1 
left-hip-roll body_jntnum 1 
left-hip-roll body_jntadr 1 
left-hip-roll jnt_pos 0.000000000000 0.000000000000 0.000000000000 
left-hip-roll jnt_axis 0.000000000000 0.000000000000 1.000000000000 
left-hip-roll jnt_stiffness 0.000000000000 
left-hip-roll jnt_solref 0.001000000000 1.000000000000 
left-hip-roll jnt_solimp 0.900000000000 0.950000000000 0.001000000000 0.500000000000 2.000000000000 
left-hip-roll jnt_limited 1 
left-hip-roll jnt_range -1.047197551197 1.047197551197 
left-hip-roll body_dofadr 6 
left-hip-roll dof_frictionloss 1.000000000000 
left-hip-roll dof_armature 0.173824000000 
left-hip-roll dof_damping 1.000000000000 
left-hip-roll dof_M0 2.040032660376 
left-hip-roll dof_M0 2.040032660376 
left-hip-yaw xpos -0.045000000000 0.109508311950 -0.046986087183 
left-hip-yaw xquat 0.000000000000 0.000000000000 -0.982450397726 -0.186524036009 
left-hip-yaw xmat -1.000000000000 0.000000000000 -0.000000000000 -0.000000000000 0.930417567982 0.366501226724 0.000000000000 0.366501226724 -0.930417567982 
left-hip-yaw xipos -0.045010000000 0.123103795843 -0.086807173704 
left-hip-yaw ximat 0.002982032614 0.999992726860 0.002377752980 0.946151877693 -0.003591168000 0.323703147730 0.323709332302 0.001284422103 -0.946155705178 
left-hip-yaw body_inertia 0.001931421301 0.001627002152 0.000767576547 
left-hip-yaw body_mass 0.818753000000 
left-hip-yaw body_quat 0.707106781187 0.000000000000 -0.707106781187 0.000000000000 
left-hip-yaw body_pos -0.050500000000 0.000000000000 0.044000000000 
left-hip-yaw cinert 0.017710855744 0.005596286793 0.013382860007 0.001103162273 -0.000599459501 0.007118246082 -0.008964203567 0.100740213906 -0.054955567907 0.818753000000 
left-hip-yaw body_iquat 0.705886838443 0.015256310377 -0.016985274592 0.707956578297 
left-hip-yaw body_ipos 0.000010000000 -0.001945000000 0.042033000000 
left-hip-yaw body_parentid 2 
left-hip-yaw body_jntnum 1 
left-hip-yaw body_jntadr 2 
left-hip-yaw jnt_pos 0.000000000000 0.000000000000 0.000000000000 
left-hip-yaw jnt_axis 0.000000000000 0.000000000000 1.000000000000 
left-hip-yaw jnt_stiffness 0.000000000000 
left-hip-yaw jnt_solref 0.001000000000 1.000000000000 
left-hip-yaw jnt_solimp 0.900000000000 0.950000000000 0.001000000000 0.500000000000 2.000000000000 
left-hip-yaw jnt_limited 1 
left-hip-yaw jnt_range -0.698131700798 0.698131700798 
left-hip-yaw body_dofadr 7 
left-hip-yaw dof_frictionloss 1.000000000000 
left-hip-yaw dof_armature 0.067900000000 
left-hip-yaw dof_damping 1.000000000000 
left-hip-yaw dof_M0 0.222342914600 
left-hip-yaw dof_M0 0.222342914600 
left-hip-pitch xpos -0.045000000000 0.138152065639 -0.108788476899 
left-hip-pitch xquat -0.519963953494 -0.763669351002 -0.316322202354 0.215376121482 
left-hip-pitch xmat 0.707106781187 0.707106781187 0.000000000000 0.259155502730 -0.259155502730 -0.930417567982 -0.657904571655 0.657904571655 -0.366501226724 
left-hip-pitch xipos -0.001825474154 0.189858777730 -0.134032139505 
left-hip-pitch ximat 0.186124885600 -0.676377954478 0.712650257599 -0.964641420195 0.011964933979 0.263294076651 -0.186613122274 -0.736457536488 -0.650235218628 
left-hip-pitch body_inertia 0.034006370254 0.033298965427 0.011530664319 
left-hip-pitch body_mass 6.244279000000 
left-hip-pitch body_quat 0.270598050073 0.270598050073 -0.653281482438 0.653281482438 
left-hip-pitch body_pos 0.000000000000 0.004000000000 0.068000000000 
left-hip-pitch cinert 0.328846734428 0.120580969939 0.255543314293 -0.042415594868 0.033079369393 0.139370106293 0.201290080704 1.185139262524 -0.714008477488 6.244279000000 
left-hip-pitch body_iquat 0.089217762845 0.703019218945 0.095366096605 0.699077589546 
left-hip-pitch body_ipos 0.060537000000 0.000521000000 -0.038857000000 
left-hip-pitch body_parentid 3 
left-hip-pitch body_jntnum 1 
left-hip-pitch body_jntadr 3 
left-hip-pitch jnt_pos 0.000000000000 0.000000000000 0.000000000000 
left-hip-pitch jnt_axis 0.000000000000 0.000000000000 -1.000000000000 
left-hip-pitch jnt_stiffness 0.000000000000 
left-hip-pitch jnt_solref 0.001000000000 1.000000000000 
left-hip-pitch jnt_solimp 0.900000000000 0.950000000000 0.001000000000 0.500000000000 2.000000000000 
left-hip-pitch jnt_limited 1 
left-hip-pitch jnt_range -1.047197551197 1.570796326795 
left-hip-pitch body_dofadr 8 
left-hip-pitch dof_frictionloss 0.500000000000 
left-hip-pitch dof_armature 0.120473000000 
left-hip-pitch dof_damping 1.000000000000 
left-hip-pitch dof_M0 1.390675633460 
left-hip-pitch dof_M0 1.390675633460 
left-achilles-rod xpos -0.045000000000 0.095352857512 -0.125647533328 
left-achilles-rod xquat -0.221953589573 -0.385961370097 -0.746746760466 0.494104948975 
left-achilles-rod xmat -0.603540849737 0.795767539672 -0.049924598181 0.357094071469 0.213788240383 -0.909273563014 -0.712897094131 -0.566611516896 -0.413193806949 
left-achilles-rod xipos -0.196247336944 0.184840631822 -0.304299545118 
left-achilles-rod ximat 0.795767539672 -0.049924598181 -0.603540849737 0.213788240383 -0.909273563014 0.357094071469 -0.566611516896 -0.413193806949 -0.712897094131 
left-achilles-rod body_inertia 0.004501000000 0.004501000000 0.000003000000 
left-achilles-rod body_mass 0.178148000000 
left-achilles-rod body_quat 0.752692172999 0.026589272397 0.023802884192 -0.657404689672 
left-achilles-rod body_pos 0.000000000000 0.000000000000 0.046000000000 
left-achilles-rod cinert 0.023375877710 0.023044330996 0.012983553400 0.006308218471 -0.010158685455 0.010513911943 -0.028893101268 0.032917807588 -0.050703313290 0.178148000000 
left-achilles-rod body_iquat 0.500000000000 0.500000000000 0.500000000000 0.500000000000 
left-achilles-rod body_ipos 0.250600000000 0.000000000000 0.000000000000 
left-achilles-rod body_parentid 4 
left-achilles-rod body_jntnum 1 
left-achilles-rod body_jntadr 4 
left-achilles-rod jnt_pos 0.000000000000 0.000000000000 0.000000000000 
left-achilles-rod jnt_axis 0.000000000000 0.000000000000 1.000000000000 
left-achilles-rod jnt_stiffness 0.000000000000 
left-achilles-rod jnt_solref 0.001000000000 1.000000000000 
left-achilles-rod jnt_solimp 0.900000000000 0.950000000000 0.001000000000 0.500000000000 2.000000000000 
left-achilles-rod jnt_limited 0 
left-achilles-rod jnt_range 0.000000000000 0.000000000000 
left-achilles-rod body_dofadr 9 
left-achilles-rod dof_frictionloss 0.000000000000 
left-achilles-rod dof_armature 0.000000000000 
left-achilles-rod dof_damping 0.010000000000 
left-achilles-rod dof_M0 0.000003000000 
left-achilles-rod dof_M0 0.000003000000 
left-knee xpos 0.039852813742 0.165063846910 -0.189386281018 
left-knee xquat -0.215376121482 -0.316322202354 -0.763669351002 0.519963953494 
left-knee xmat -0.707106781187 0.707106781187 -0.000000000000 0.259155502730 0.259155502730 -0.930417567982 -0.657904571655 -0.657904571655 -0.366501226724 
left-knee xipos 0.037387132396 0.186274702362 -0.247754305419 
left-knee ximat 0.004421927320 -0.956762189052 -0.290837686965 -0.924103640621 -0.115045721713 0.364413149197 -0.382116353943 0.267152756894 -0.884656145931 
left-knee body_inertia 0.007020256471 0.006075637859 0.001664105669 
left-knee body_mass 1.227077000000 
left-knee body_quat 0.707106781187 0.000000000000 0.000000000000 -0.707106781187 
left-knee body_pos 0.120000000000 0.000000000000 0.004500000000 
left-knee cinert 0.112077787091 0.076387101104 0.051573877118 -0.015862033667 0.018858741697 0.053868507662 0.087672844086 0.228496386633 -0.279857230490 1.227077000000 
left-knee body_iquat -0.167216297581 0.690239160529 0.176023628878 0.681633547569 
left-knee body_ipos 0.045641000000 0.042154000000 0.001657000000 
left-knee body_parentid 4 
left-knee body_jntnum 1 
left-knee body_jntadr 5 
left-knee jnt_pos 0.000000000000 0.000000000000 0.000000000000 
left-knee jnt_axis 0.000000000000 0.000000000000 1.000000000000 
left-knee jnt_stiffness 0.000000000000 
left-knee jnt_solref 0.001000000000 1.000000000000 
left-knee jnt_solimp 0.900000000000 0.950000000000 0.001000000000 0.500000000000 2.000000000000 
left-knee jnt_limited 1 
left-knee jnt_range -1.396263401595 1.019272283165 
left-knee body_dofadr 12 
left-knee dof_frictionloss 0.500000000000 
left-knee dof_armature 0.120473000000 
left-knee dof_damping 1.000000000000 
left-knee dof_M0 1.077986783734 
left-knee dof_M0 1.077986783734 
left-shin xpos 0.030468799649 0.193074151112 -0.260494580836 
left-shin xquat -0.215376121482 -0.316322202354 -0.763669351002 0.519963953494 
left-shin xmat -0.707106781187 0.707106781187 -0.000000000000 0.259155502730 0.259155502730 -0.930417567982 -0.657904571655 -0.657904571655 -0.366501226724 
left-shin xipos -0.085496712465 0.239900569233 -0.382289867756 
left-shin ximat 0.012413728663 -0.669901606079 -0.742346103589 -0.920029217227 -0.298439072673 0.253929831549 -0.391653084744 0.679827888568 -0.620033791931 
left-shin body_inertia 0.022794967341 0.022548082527 0.001069950132 
left-shin body_mass 0.895793000000 
left-shin body_quat 1.000000000000 0.000000000000 0.000000000000 0.000000000000 
left-shin body_pos 0.060677000000 0.047406000000 0.000000000000 
left-shin cinert 0.180020150256 0.141522234698 0.068226721091 0.015096512625 -0.026594260123 0.081374199751 -0.046075397751 0.214845027021 -0.324817903197 0.895793000000 
left-shin body_iquat 0.028054793885 0.710242122801 -0.008058689517 0.703352054851 
left-shin body_ipos 0.174265000000 0.010265000000 0.001070000000 
left-shin body_parentid 6 
left-shin body_jntnum 1 
left-shin body_jntadr 6 
left-shin jnt_pos 0.000000000000 0.000000000000 0.000000000000 
left-shin jnt_axis 0.000000000000 0.000000000000 1.000000000000 
left-shin jnt_stiffness 6000.000000000000 
left-shin jnt_solref 0.001000000000 1.000000000000 
left-shin jnt_solimp 0.900000000000 0.950000000000 0.001000000000 0.500000000000 2.000000000000 
left-shin jnt_limited 0 
left-shin jnt_range 0.000000000000 0.000000000000 
left-shin body_dofadr 13 
left-shin dof_frictionloss 0.000000000000 
left-shin dof_armature 0.000000000000 
left-shin dof_damping 0.000000000000 
left-shin dof_M0 0.721519846017 
left-shin dof_M0 0.721519846017 
left-tarsus xpos -0.262810101809 0.310927448378 -0.559682605937 
left-tarsus xquat -0.540230058789 -0.793434113298 -0.231760482431 0.157800095749 
left-tarsus xmat 0.842772417130 0.538270055757 0.000000000000 0.197276635744 -0.308877124728 -0.930417567982 -0.500815916195 0.784130262709 -0.366501226724 
left-tarsus xipos -0.193586360965 0.339191533918 -0.633285092812 
left-tarsus ximat 0.108073730136 -0.560693206619 0.820940434444 -0.968027185466 0.128680600740 0.215324571733 -0.226370132864 -0.817963587848 -0.528859274195 
left-tarsus body_inertia 0.016504041901 0.016430624539 0.000907333560 
left-tarsus body_mass 1.322865000000 
left-tarsus body_quat 0.622514636638 0.000000000000 0.000000000000 0.782608156852 
left-tarsus body_pos 0.434759000000 0.020000000000 0.000000000000 
left-tarsus cinert 0.656173724252 0.547507816708 0.197897681786 0.068814630561 -0.122749962631 0.277057567428 -0.211029994711 0.448621580156 -0.811708611347 1.322865000000 
left-tarsus body_iquat 0.077503428355 0.707625824498 0.050227366084 0.700525604666 
left-tarsus body_ipos 0.100777000000 -0.029183000000 0.000678000000 
left-tarsus body_parentid 7 
left-tarsus body_jntnum 1 
left-tarsus body_jntadr 7 
left-tarsus jnt_pos 0.000000000000 0.000000000000 0.000000000000 
left-tarsus jnt_axis 0.000000000000 0.000000000000 1.000000000000 
left-tarsus jnt_stiffness 0.000000000000 
left-tarsus jnt_solref 0.001000000000 1.000000000000 
left-tarsus jnt_solimp 0.900000000000 0.950000000000 0.001000000000 0.500000000000 2.000000000000 
left-tarsus jnt_limited 1 
left-tarsus jnt_range -0.877900613753 1.249655744428 
left-tarsus body_dofadr 14 
left-tarsus dof_frictionloss 0.000000000000 
left-tarsus dof_armature 0.000000000000 
left-tarsus dof_damping 0.000000000000 
left-tarsus dof_M0 0.157949265454 
left-tarsus dof_M0 0.157949265454 
left-heel-spring xpos -0.293548745458 0.315574193306 -0.574316699152 
left-heel-spring xquat -0.267328989898 -0.392515712100 0.748716408175 -0.462482828919 
left-heel-spring xmat -0.548933253830 -0.835036043231 -0.037243648381 -0.340495773230 0.264082097420 -0.902398622691 0.763370756089 -0.482675307352 -0.429289688230 
left-heel-spring xipos -0.324449243000 0.300152710779 -0.539113962464 
left-heel-spring ximat -0.846868950484 -0.037593034586 -0.530471247531 0.256065663585 -0.903075661910 -0.344796642673 -0.466093720875 -0.427833042922 0.774413023357 
left-heel-spring body_inertia 0.000740328322 0.000701001534 0.000054670144 
left-heel-spring body_mass 0.230018000000 
left-heel-spring body_quat 0.209351801266 0.010903123517 -0.037546734640 0.977058436288 
left-heel-spring body_pos -0.017660000000 -0.029456000000 0.001040000000 
left-heel-spring cinert 0.083321437011 0.082083105504 0.040432256961 0.019917592353 -0.034413849580 0.036021959504 -0.066794432127 0.069026089367 -0.119477754542 0.230018000000 
left-heel-spring body_iquat 0.504912363796 0.505969340027 0.494740780201 0.494257111476 
left-heel-spring body_ipos 0.049086000000 0.004739000000 -0.000045000000 
left-heel-spring body_parentid 8 
left-heel-spring body_jntnum 1 
left-heel-spring body_jntadr 8 
left-heel-spring jnt_pos 0.000000000000 0.000000000000 0.000000000000 
left-heel-spring jnt_axis 0.000000000000 0.000000000000 1.000000000000 
left-heel-spring jnt_stiffness 4375.000000000000 
left-heel-spring jnt_solref 0.001000000000 1.000000000000 
left-heel-spring jnt_solimp 0.900000000000 0.950000000000 0.001000000000 0.500000000000 2.000000000000 
left-heel-spring jnt_limited 1 
left-heel-spring jnt_range -0.104719755120 0.104719755120 
left-heel-spring body_dofadr 15 
left-heel-spring dof_frictionloss 0.000000000000 
left-heel-spring dof_armature 0.000000000000 
left-heel-spring dof_damping 0.000000000000 
left-heel-spring dof_M0 0.001260379283 
left-heel-spring dof_M0 0.001260379283 
left-toe-A xpos -0.231387711094 0.358748117004 -0.605775740067 
left-toe-A xquat -0.403725969948 0.274887228598 -0.491107318406 -0.721287705810 
left-toe-A xmat -0.522884705487 -0.852403416680 0.000000000000 0.312406897877 -0.191637885996 0.930417567982 -0.793091113887 0.486501116015 0.366501226724 
left-toe-A xipos -0.234087171462 0.358268678673 -0.610692291563 
left-toe-A ximat 0.045938765120 0.852403416680 -0.520862789122 0.899372839689 0.191637885996 0.392942000658 0.434762147720 -0.486501116015 -0.757824873587 
left-toe-A body_inertia 0.000074352790 0.000058000000 0.000028647210 
left-toe-A body_mass 0.139557000000 
left-toe-A body_quat 0.000000000000 -0.713495069184 0.700660250228 0.000000000000 
left-toe-A body_pos 0.059000000000 -0.034000000000 -0.027600000000 
left-toe-A cinert 0.066702463321 0.054396041499 0.023534717576 0.010006000393 -0.016509195453 0.029559618029 -0.027914997350 0.049990142828 -0.082479048937 0.139557000000 
left-toe-A body_iquat 0.000000000000 0.675330883790 0.000000000000 0.737514879443 
left-toe-A body_ipos 0.005161000000 0.000001000000 -0.002248000000 
left-toe-A body_parentid 8 
left-toe-A body_jntnum 1 
left-toe-A body_jntadr 9 
left-toe-A jnt_pos 0.000000000000 0.000000000000 0.000000000000 
left-toe-A jnt_axis 0.000000000000 0.000000000000 1.000000000000 
left-toe-A jnt_stiffness 0.000000000000 
left-toe-A jnt_solref 0.001000000000 1.000000000000 
left-toe-A jnt_solimp 0.900000000000 0.950000000000 0.001000000000 0.500000000000 2.000000000000 
left-toe-A jnt_limited 1 
left-toe-A jnt_range -0.807659838007 0.785075277486 
left-toe-A body_dofadr 16 
left-toe-A dof_frictionloss 1.000000000000 
left-toe-A dof_armature 0.036089000000 
left-toe-A dof_damping 1.000000000000 
left-toe-A dof_M0 0.040354741082 
left-toe-A dof_M0 0.040354741082 
left-toe-A-rod xpos -0.261192139307 0.369111969639 -0.653913943373 
left-toe-A-rod xquat -0.781680551823 0.554637758514 -0.158114132778 -0.237386589234 
left-toe-A-rod xmat 0.837295056536 -0.546513096522 -0.016137646386 0.195728823748 0.272049128164 0.942167447654 -0.510516616630 -0.792030748895 0.334753755692 
left-toe-A-rod xipos -0.117955236690 0.402595495246 -0.741248531496 
left-toe-A-rod ximat -0.546513096522 -0.016137646386 0.837295056536 0.272049128164 0.942167447654 0.195728823748 -0.792030748895 0.334753755692 -0.510516616630 
left-toe-A-rod body_inertia 0.001182000000 0.001182000000 0.000001000000 
left-toe-A-rod body_mass 0.090983000000 
left-toe-A-rod body_quat 0.716516877962 -0.010898760462 0.015450897718 -0.697313452025 
left-toe-A-rod body_pos 0.057000000000 0.000000000000 -0.008000000000 
left-toe-A-rod cinert 0.062466766670 0.049147620663 0.016256765711 0.002878951935 -0.005002801425 0.026544247754 -0.007632913440 0.036623635483 -0.065649913310 0.090983000000 
left-toe-A-rod body_iquat 0.500000000000 0.500000000000 0.500000000000 0.500000000000 
left-toe-A-rod body_ipos 0.171071000000 0.000000000000 0.000000000000 
left-toe-A-rod body_parentid 10 
left-toe-A-rod body_jntnum 1 
left-toe-A-rod body_jntadr 10 
left-toe-A-rod jnt_pos 0.000000000000 0.000000000000 0.000000000000 
left-toe-A-rod jnt_axis 0.000000000000 0.000000000000 1.000000000000 
left-toe-A-rod jnt_stiffness 0.000000000000 
left-toe-A-rod jnt_solref 0.001000000000 1.000000000000 
left-toe-A-rod jnt_solimp 0.900000000000 0.950000000000 0.001000000000 0.500000000000 2.000000000000 
left-toe-A-rod jnt_limited 0 
left-toe-A-rod jnt_range 0.000000000000 0.000000000000 
left-toe-A-rod body_dofadr 17 
left-toe-A-rod dof_frictionloss 0.000000000000 
left-toe-A-rod dof_armature 0.000000000000 
left-toe-A-rod dof_damping 0.010000000000 
left-toe-A-rod dof_M0 0.000001000000 
left-toe-A-rod dof_M0 0.000001000000 
left-toe-B xpos -0.187563545403 0.317647452310 -0.652049035425 
left-toe-B xquat -0.274887228598 -0.403725969948 -0.721287705810 0.491107318406 
left-toe-B xmat -0.522884705487 0.852403416680 -0.000000000000 0.312406897877 0.191637885996 -0.930417567982 -0.793091113887 -0.486501116015 -0.366501226724 
left-toe-B xipos -0.190261300965 0.321351554641 -0.655318770407 
left-toe-B ximat 0.045938765120 -0.852403416680 -0.520862789122 -0.954266727204 -0.191637885996 0.229455734298 -0.295405895694 0.486501116015 -0.822223826525 
left-toe-B body_inertia 0.000074352790 0.000058000000 0.000028647210 
left-toe-B body_mass 0.139557000000 
left-toe-B body_quat 0.713495069184 0.000000000000 0.000000000000 -0.700660250228 
left-toe-B body_pos 0.111000000000 -0.034000000000 0.027600000000 
left-toe-B cinert 0.070841107314 0.059861372166 0.017850530860 0.007006498211 -0.013868815695 0.028510707992 -0.021798790341 0.044838099749 -0.088706986445 0.139557000000 
left-toe-B body_iquat 0.000000000000 0.675330883790 0.000000000000 0.737514879443 
left-toe-B body_ipos 0.005161000000 0.000001000000 -0.002248000000 
left-toe-B body_parentid 8 
left-toe-B body_jntnum 1 
left-toe-B body_jntadr 11 
left-toe-B jnt_pos 0.000000000000 0.000000000000 0.000000000000 
left-toe-B jnt_axis 0.000000000000 0.000000000000 1.000000000000 
left-toe-B jnt_stiffness 0.000000000000 
left-toe-B jnt_solref 0.001000000000 1.000000000000 
left-toe-B jnt_solimp 0.900000000000 0.950000000000 0.001000000000 0.500000000000 2.000000000000 
left-toe-B jnt_limited 1 
left-toe-B jnt_range -0.800963009667 0.794955586381 
left-toe-B body_dofadr 20 
left-toe-B dof_frictionloss 1.000000000000 
left-toe-B dof_armature 0.036089000000 
left-toe-B dof_damping 1.000000000000 
left-toe-B dof_M0 0.038856147048 
left-toe-B dof_M0 0.038856147048 
left-toe-B-rod xpos -0.217367973616 0.342897986033 -0.694323219102 
left-toe-B-rod xquat -0.559804865854 -0.777668338372 -0.242068908621 0.152489708305 
left-toe-B-rod xmat 0.836299064681 0.547227613280 0.033849869683 0.205769690473 -0.256042311290 -0.944511074213 -0.508195541988 0.796859005153 -0.326730802054 
left-toe-B-rod xipos -0.097784734058 0.372321199843 -0.766990607847 
left-toe-B-rod ximat 0.547227613280 0.033849869683 0.836299064681 -0.256042311290 -0.944511074213 0.205769690473 0.796859005153 -0.326730802054 -0.508195541988 
left-toe-B-rod body_inertia 0.000768000000 0.000768000000 0.000001000000 
left-toe-B-rod body_mass 0.079507000000 
left-toe-B-rod body_quat 0.716979195891 -0.020102643421 -0.017939369841 0.696573682676 
left-toe-B-rod body_pos 0.057000000000 0.000000000000 -0.008000000000 
left-toe-B-rod cinert 0.055651150085 0.045460173147 0.011910553020 0.001754040136 -0.003460204357 0.022198290389 -0.005066451555 0.029597151455 -0.059415938287 0.079507000000 
left-toe-B-rod body_iquat 0.500000000000 0.500000000000 0.500000000000 0.500000000000 
left-toe-B-rod body_ipos 0.142991000000 0.000000000000 0.000000000000 
left-toe-B-rod body_parentid 12 
left-toe-B-rod body_jntnum 1 
left-toe-B-rod body_jntadr 12 
left-toe-B-rod jnt_pos 0.000000000000 0.000000000000 0.000000000000 
left-toe-B-rod jnt_axis 0.000000000000 0.000000000000 1.000000000000 
left-toe-B-rod jnt_stiffness 0.000000000000 
left-toe-B-rod jnt_solref 0.001000000000 1.000000000000 
left-toe-B-rod jnt_solimp 0.900000000000 0.950000000000 0.001000000000 0.500000000000 2.000000000000 
left-toe-B-rod jnt_limited 0 
left-toe-B-rod jnt_range 0.000000000000 0.000000000000 
left-toe-B-rod body_dofadr 21 
left-toe-B-rod dof_frictionloss 0.000000000000 
left-toe-B-rod dof_armature 0.000000000000 
left-toe-B-rod dof_damping 0.010000000000 
left-toe-B-rod dof_M0 0.000001000000 
left-toe-B-rod dof_M0 0.000001000000 
left-toe-pitch xpos 0.059510242150 0.403771400751 -0.795380710253 
left-toe-pitch xquat -0.530390267450 -0.778982444070 0.276472358822 -0.188243328786 
left-toe-pitch xmat 0.776254967950 -0.630419086587 -0.000000000000 -0.231049368585 -0.284498398004 -0.930417567982 0.586552993352 0.722241259414 -0.366501226724 
left-toe-pitch xipos 0.059399529361 0.403800618462 -0.795463069246 
left-toe-pitch ximat -0.630419086587 -0.776254967950 -0.000000000000 -0.284498398004 0.231049368585 -0.930417567982 0.722241259414 -0.586552993352 -0.366501226724 
left-toe-pitch body_inertia 0.000008000000 0.000005000000 0.000004000000 
left-toe-pitch body_mass 0.043881000000 
left-toe-pitch body_quat 0.810297416534 0.000000000000 0.000000000000 0.586018853586 
left-toe-pitch body_pos 0.408000000000 -0.040000000000 0.000000000000 
left-toe-pitch cinert 0.033567879064 0.026796572294 0.007542518382 -0.001655254996 0.003180218539 0.013743033526 0.004101158802 0.017716420790 -0.034041868515 0.043881000000 
left-toe-pitch body_iquat 0.707106781187 0.000000000000 0.000000000000 0.707106781187 
left-toe-pitch body_ipos -0.000141000000 0.000002000000 0.000003000000 
left-toe-pitch body_parentid 8 
left-toe-pitch body_jntnum 1 
left-toe-pitch body_jntadr 13 
left-toe-pitch jnt_pos 0.000000000000 0.000000000000 0.000000000000 
left-toe-pitch jnt_axis 0.000000000000 0.000000000000 1.000000000000 
left-toe-pitch jnt_stiffness 0.000000000000 
left-toe-pitch jnt_solref 0.001000000000 1.000000000000 
left-toe-pitch jnt_solimp 0.900000000000 0.950000000000 0.001000000000 0.500000000000 2.000000000000 
left-toe-pitch jnt_limited 1 
left-toe-pitch jnt_range -0.767944870878 0.593411945678 
left-toe-pitch body_dofadr 24 
left-toe-pitch dof_frictionloss 0.000000000000 
left-toe-pitch dof_armature 0.000000000000 
left-toe-pitch dof_damping 0.000000000000 
left-toe-pitch dof_M0 0.002579086025 
left-toe-pitch dof_M0 0.002579086025 
left-toe-roll xpos 0.059510242150 0.403771400751 -0.795380710253 
left-toe-roll xquat -0.570560423617 -0.417709756398 -0.179560749424 -0.683913225254 
left-toe-roll xmat 0.000041275178 -0.630419085236 0.776254967950 0.930436192838 -0.284437480536 -0.231049368585 0.366453938925 0.722265253654 0.586552993352 
left-toe-roll xipos 0.059202711835 0.417129186428 -0.829271885209 
left-toe-roll ximat -0.195002924728 -0.000041275178 0.980802659888 -0.359411509759 -0.930436192838 -0.071497256656 0.912577243854 -0.366453938925 0.181422944102 
left-toe-roll body_inertia 0.001914874533 0.001870000000 0.000544125467 
left-toe-roll body_mass 0.531283000000 
left-toe-roll body_quat 0.707106781187 0.000000000000 0.707106781187 0.000000000000 
left-toe-roll body_pos 0.000000000000 0.000000000000 0.000000000000 
left-toe-roll cinert 0.441228301310 0.354708569935 0.098898636557 -0.020569367034 0.039870766860 0.179390737640 0.049549634227 0.221580300082 -0.430119156579 0.531283000000 
left-toe-roll body_iquat 0.686346578677 0.170083432285 -0.170083432285 0.686346578677 
left-toe-roll body_ipos 0.000009000000 -0.028084000000 -0.023204000000 
left-toe-roll body_parentid 14 
left-toe-roll body_jntnum 1 
left-toe-roll body_jntadr 14 
left-toe-roll jnt_pos 0.000000000000 0.000000000000 0.000000000000 
left-toe-roll jnt_axis 0.000000000000 0.000000000000 1.000000000000 
left-toe-roll jnt_stiffness 0.000000000000 
left-toe-roll jnt_solref 0.001000000000 1.000000000000 
left-toe-roll jnt_solimp 0.900000000000 0.950000000000 0.001000000000 0.500000000000 2.000000000000 
left-toe-roll jnt_limited 1 
left-toe-roll jnt_range -0.645771823238 0.575958653158 
left-toe-roll body_dofadr 25 
left-toe-roll dof_frictionloss 0.000000000000 
left-toe-roll dof_armature 0.000000000000 
left-toe-roll dof_damping 0.000000000000 
left-toe-roll dof_M0 0.001262028819 
left-toe-roll dof_M0 0.001262028819 
left-foot xpos 0.069453875950 0.426568364799 -0.853263921783 
left-foot xquat -0.979372096310 -0.185912154812 0.077771417549 0.014784257651 
left-foot xmat 0.987466064676 0.000041275178 -0.157831458870 -0.057875882455 0.930436192838 -0.361854768225 0.146837166081 0.366453938925 0.918776554612 
left-foot xipos 0.074423314931 0.387202191317 -0.902199110161 
left-foot ximat -0.136706690487 0.987466064676 -0.078879984083 -0.778593518182 -0.057875882455 0.624853995486 0.612456867233 0.146837166081 0.776746697731 
left-foot body_inertia 0.000000000000 0.000000000000 0.000000000000 
left-foot body_mass 0.000000000000 
left-foot body_quat 0.612372435696 -0.353553390593 -0.353553390593 -0.612372435696 
left-foot body_pos 0.000000000000 -0.054560000000 -0.031500000000 
left-foot cinert 0.000000000000 0.000000000000 0.000000000000 0.000000000000 0.000000000000 0.000000000000 0.000000000000 0.000000000000 -0.000000000000 0.000000000000 
left-foot body_iquat 0.612372435696 -0.353553390593 -0.353553390593 -0.612372435696 
left-foot body_ipos 0.000000000000 -0.054560000000 -0.031500000000 
left-foot body_parentid 15 
left-foot body_jntnum 0 
left-foot body_jntadr -1 
left-foot jnt_pos 
left-foot jnt_axis 
left-foot jnt_stiffness 
left-foot jnt_solref 
left-foot jnt_solimp 
left-foot jnt_limited 
left-foot jnt_range 
left-foot body_dofadr -1 
left-foot dof_frictionloss 
left-foot dof_armature 
left-foot dof_damping 
left-foot dof_M0 
left-foot dof_M0 
left-shoulder-roll xpos -0.001000000000 0.120000000000 0.400000000000 
left-shoulder-roll xquat 0.707056154279 -0.008461364908 -0.707056154279 0.008461364908 
left-shoulder-roll xmat 0.000000000000 0.000000000000 -1.000000000000 0.023930640528 0.999713621216 0.000000000000 0.999713621216 -0.023930640528 0.000000000000 
left-shoulder-roll xipos -0.024405000000 0.116823305190 0.399256807507 
left-shoulder-roll ximat -0.080250751210 0.004924206012 -0.996762544002 0.965182099599 0.250150937000 -0.076472369731 0.248964518646 -0.968194330139 -0.024827556107 
left-shoulder-roll body_inertia 0.000756899901 0.000700084535 0.000295015563 
left-shoulder-roll body_mass 0.535396000000 
left-shoulder-roll body_quat 0.704416026403 -0.061628416716 -0.704416026403 0.061628416716 
left-shoulder-roll body_pos -0.001000000000 0.120000000000 0.400000000000 
left-shoulder-roll cinert 0.101566117060 0.094769617608 0.008052346466 -0.000638928438 -0.002177092282 -0.026176548572 0.005169995011 0.062513126686 0.224300365115 0.535396000000 
left-shoulder-roll body_iquat 0.797182852286 0.022244621837 -0.033524689384 0.602395859898 
left-shoulder-roll body_ipos -0.000819000000 -0.003158000000 0.023405000000 
left-shoulder-roll body_parentid 1 
left-shoulder-roll body_jntnum 1 
left-shoulder-roll body_jntadr 15 
left-shoulder-roll jnt_pos 0.000000000000 0.000000000000 0.000000000000 
left-shoulder-roll jnt_axis 0.000000000000 0.000000000000 1.000000000000 
left-shoulder-roll jnt_stiffness 0.000000000000 
left-shoulder-roll jnt_solref 0.001000000000 1.000000000000 
left-shoulder-roll jnt_solimp 0.900000000000 0.950000000000 0.001000000000 0.500000000000 2.000000000000 
left-shoulder-roll jnt_limited 1 
left-shoulder-roll jnt_range -0.150600970496 -0.150597479838 
left-shoulder-roll body_dofadr 26 
left-shoulder-roll dof_frictionloss 2.000000000000 
left-shoulder-roll dof_armature 0.173824000000 
left-shoulder-roll dof_damping 2.000000000000 
left-shoulder-roll dof_M0 0.272070677187 
left-shoulder-roll dof_M0 0.272070677187 
left-shoulder-pitch xpos -0.056500000000 0.108872305787 0.397095461052 
left-shoulder-pitch xquat 0.604149799408 0.782083871778 0.120922384276 -0.093410997005 
left-shoulder-pitch xmat 0.953304325239 0.302011363164 -0.000000000000 0.076274422752 -0.240761593712 -0.967582589461 -0.292220936816 0.922400667559 -0.252554811027 
left-shoulder-pitch xipos -0.075229105957 0.195163895314 0.358663250617 
left-shoulder-pitch ximat 0.953472854568 -0.118766799282 -0.277099193415 0.080268148997 -0.785948944362 0.613058954027 -0.290596868289 -0.606777310258 -0.739847792385 
left-shoulder-pitch body_inertia 0.006761009299 0.006687854664 0.001177136037 
left-shoulder-pitch body_mass 1.440357000000 
left-shoulder-pitch body_quat 0.609263822216 0.684583761701 0.177045398740 -0.358883818162 
left-shoulder-pitch body_pos -0.003170000000 -0.011055000000 0.055500000000 
left-shoulder-pitch cinert 0.267342197980 0.213242832782 0.060945092017 0.012510505376 0.021284651576 -0.103824161063 -0.059296201315 0.281015280129 0.544958157688 1.440357000000 
left-shoulder-pitch body_iquat 0.544821815521 0.838549065571 0.001410690356 -0.001632150493 
left-shoulder-pitch body_ipos -0.000042000000 -0.061882000000 -0.073788000000 
left-shoulder-pitch body_parentid 17 
left-shoulder-pitch body_jntnum 1 
left-shoulder-pitch body_jntadr 16 
left-shoulder-pitch jnt_pos 0.000000000000 0.000000000000 0.000000000000 
left-shoulder-pitch jnt_axis 0.000000000000 0.000000000000 -1.000000000000 
left-shoulder-pitch jnt_stiffness 0.000000000000 
left-shoulder-pitch jnt_solref 0.001000000000 1.000000000000 
left-shoulder-pitch jnt_solimp 0.900000000000 0.950000000000 0.001000000000 0.500000000000 2.000000000000 
left-shoulder-pitch jnt_limited 1 
left-shoulder-pitch jnt_range 1.092199120630 1.092202611289 
left-shoulder-pitch body_dofadr 27 
left-shoulder-pitch dof_frictionloss 2.000000000000 
left-shoulder-pitch dof_armature 0.173824000000 
left-shoulder-pitch dof_damping 2.000000000000 
left-shoulder-pitch dof_M0 0.374511784151 
left-shoulder-pitch dof_M0 0.374511784151 
left-shoulder-yaw xpos -0.106331874922 0.245356227696 0.270154832007 
left-shoulder-yaw xquat -0.125689520641 0.980231410565 0.018620298627 -0.151663478206 
left-shoulder-yaw xmat 0.953302947715 -0.001620616572 -0.302011363164 0.074629422925 -0.967710857760 0.240761593712 -0.292649857529 -0.252057670732 -0.922400667559 
left-shoulder-yaw xipos -0.140814049341 0.270943207876 0.164457131646 
left-shoulder-yaw ximat -0.027267524995 -0.952961433596 -0.301862531890 -0.969971046937 -0.047787207627 0.238479665574 -0.241687091475 0.299300666330 -0.923041960557 
left-shoulder-yaw body_inertia 0.007003063143 0.006966972562 0.000672964296 
left-shoulder-yaw body_mass 1.065387000000 
left-shoulder-yaw body_quat 0.707106781187 0.707106781187 0.000000000000 0.000000000000 
left-shoulder-yaw body_pos 0.000000000000 -0.165000000000 -0.100000000000 
left-shoulder-yaw cinert 0.120693474442 0.054910185760 0.091921898424 0.031262063987 0.019189670868 -0.051748420426 -0.113732890641 0.288592503410 0.196183821466 1.065387000000 
left-shoulder-yaw body_iquat 0.697261040987 -0.000769053919 0.000904824260 0.716816315782 
left-shoulder-yaw body_ipos -0.000030000000 0.001937000000 0.114070000000 
left-shoulder-yaw body_parentid 18 
left-shoulder-yaw body_jntnum 1 
left-shoulder-yaw body_jntadr 17 
left-shoulder-yaw jnt_pos 0.000000000000 0.000000000000 0.000000000000 
left-shoulder-yaw jnt_axis 0.000000000000 0.000000000000 1.000000000000 
left-shoulder-yaw jnt_stiffness 0.000000000000 
left-shoulder-yaw jnt_solref 0.001000000000 1.000000000000 
left-shoulder-yaw jnt_solimp 0.900000000000 0.950000000000 0.001000000000 0.500000000000 2.000000000000 
left-shoulder-yaw jnt_limited 1 
left-shoulder-yaw jnt_range 0.001698205362 0.001701696021 
left-shoulder-yaw body_dofadr 28 
left-shoulder-yaw dof_frictionloss 2.000000000000 
left-shoulder-yaw dof_armature 0.067900000000 
left-shoulder-yaw dof_damping 1.000000000000 
left-shoulder-yaw dof_M0 0.082485523657 
left-shoulder-yaw dof_M0 0.082485523657 
left-elbow xpos -0.162141583369 0.327153990556 0.109214928832 
left-elbow xquat -0.760499126199 0.587504427769 -0.169734239286 -0.218334409604 
left-elbow xmat 0.847040747194 -0.531525489695 0.001620616572 0.132647021197 0.214337265869 0.967710857760 -0.514710346079 -0.819475558064 0.252057670732 
left-elbow xipos -0.070970285869 0.324399624585 0.048723519010 
left-elbow ximat 0.101994650000 0.540183092970 0.835343831869 0.986373183209 -0.163887052733 -0.014456050415 0.129093124598 0.825435194316 -0.549537719511 
left-elbow body_inertia 0.009651760498 0.009563864566 0.000261374936 
left-elbow body_mass 0.550582000000 
left-elbow body_quat 0.693519922661 0.693519922661 -0.137949689641 0.137949689641 
left-elbow body_pos 0.000000000000 -0.038500000000 0.185000000000 
left-elbow cinert 0.063568307300 0.012974133235 0.065424236578 0.006712147239 0.005661670137 -0.012278892784 -0.020321371206 0.178574037349 0.037665113294 0.550582000000 
left-elbow body_iquat 0.015529548301 0.758388155402 0.020561054706 0.651293698653 
left-elbow body_ipos 0.107996000000 0.000521000000 -0.017765000000 
left-elbow body_parentid 19 
left-elbow body_jntnum 1 
left-elbow body_jntadr 18 
left-elbow jnt_pos 0.000000000000 0.000000000000 0.000000000000 
left-elbow jnt_axis 0.000000000000 0.000000000000 1.000000000000 
left-elbow jnt_stiffness 0.000000000000 
left-elbow jnt_solref 0.001000000000 1.000000000000 
left-elbow jnt_solimp 0.900000000000 0.950000000000 0.001000000000 0.500000000000 2.000000000000 
left-elbow jnt_limited 1 
left-elbow jnt_range -0.139100996055 -0.139097505396 
left-elbow body_dofadr 29 
left-elbow dof_frictionloss 2.000000000000 
left-elbow dof_armature 0.173824000000 
left-elbow dof_damping 1.000000000000 
left-elbow dof_M0 0.189682662216 
left-elbow dof_M0 0.189682662216 
left-hand xpos 0.150288229162 0.299535458312 -0.100655991780 
left-hand xquat -0.952550458611 -0.097944181648 -0.284023164987 0.048840585901 
left-hand xmat 0.833890877839 0.148683077925 0.531525489695 -0.037409412070 0.976043068900 -0.214337265869 -0.550660094564 0.158849834720 0.819475558064 
left-hand xipos 0.415939666340 0.302689749734 -0.368686472828 
left-hand ximat 0.728923768993 0.668254054485 -0.148683077925 0.000378196582 -0.217577077421 -0.976043068900 -0.684594767701 0.711404761050 -0.158849834720 
left-hand body_inertia 0.000000000000 0.000000000000 0.000000000000 
left-hand body_mass 0.000000000000 
left-hand body_quat 0.704416026403 0.704416026403 0.061628416716 -0.061628416716 
left-hand body_pos 0.369000000000 0.000000000000 -0.079120000000 
left-hand cinert 0.000000000000 0.000000000000 0.000000000000 0.000000000000 0.000000000000 0.000000000000 0.000000000000 0.000000000000 -0.000000000000 0.000000000000 
left-hand body_iquat 0.704416026403 0.704416026403 0.061628416716 -0.061628416716 
left-hand body_ipos 0.369000000000 0.000000000000 -0.079120000000 
left-hand body_parentid 20 
left-hand body_jntnum 0 
left-hand body_jntadr -1 
left-hand jnt_pos 
left-hand jnt_axis 
left-hand jnt_stiffness 
left-hand jnt_solref 
left-hand jnt_solimp 
left-hand jnt_limited 
left-hand jnt_range 
left-hand body_dofadr -1 
left-hand dof_frictionloss 
left-hand dof_armature 
left-hand dof_damping 
left-hand dof_M0 
left-hand dof_M0 
right-hip-roll xpos -0.001000000000 -0.091000000000 0.000000000000 
right-hip-roll xquat 0.694697338411 -0.131892410716 -0.694697338411 0.131892410716 
right-hip-roll xmat 0.000000000000 0.000000000000 -1.000000000000 0.366501226724 0.930417567982 0.000000000000 0.930417567982 -0.366501226724 0.000000000000 
right-hip-roll xipos -0.032435000000 -0.091947929800 -0.001740705057 
right-hip-roll ximat -0.011280502394 0.051197306197 -0.998624847530 0.938883181652 -0.343079344526 -0.028194584082 -0.344051044872 -0.937910123198 -0.044198182367 
right-hip-roll body_inertia 0.001148117135 0.001017592907 0.000765289958 
right-hip-roll body_mass 0.915088000000 
right-hip-roll body_quat 0.694697338411 -0.131892410716 -0.694697338411 0.131892410716 
right-hip-roll body_pos -0.001000000000 -0.091000000000 0.000000000000 
right-hip-roll cinert 0.008807798406 0.001429563096 0.008782076417 0.000128452789 -0.000037337472 0.001468488702 0.001488294126 -0.084197881810 0.016421629596 0.915088000000 
right-hip-roll body_iquat 0.715393896793 -0.014384822853 -0.021923802284 0.698229186010 
right-hip-roll body_ipos -0.001967000000 -0.000244000000 0.031435000000 
right-hip-roll body_parentid 1 
right-hip-roll body_jntnum 1 
right-hip-roll body_jntadr 19 
